#Points:1	velocidad:0	velocidad:1
0	0	0
0.001	-0.001558599	3.88E-07
0.002	-0.003117198	7.76E-07
0.003	-0.004675797	1.16E-06
0.004	-0.006217502	1.88E-06
0.005	-0.00775076	2.76E-06
0.006	-0.009284018	3.63E-06
0.007	-0.01080934	4.54E-06
0.008	-0.0123188	5.50E-06
0.009	-0.01382826	6.46E-06
0.01	-0.01533771	7.42E-06
0.011	-0.01682484	8.08E-06
0.012	-0.01831197	8.74E-06
0.013	-0.0197991	9.41E-06
0.014	-0.02127229	9.63E-06
0.015	-0.02273852	9.65E-06
0.016	-0.02420474	9.66E-06
0.017	-0.02566445	9.35E-06
0.018	-0.02711112	8.39E-06
0.019	-0.0285578	7.43E-06
0.02	-0.03000448	6.47E-06
0.021	-0.03143294	4.25E-06
0.022	-0.0328614	2.03E-06
0.023	-0.03428985	-1.89E-07
0.024	-0.03570702	-3.42E-06
0.025	-0.03711854	-7.15E-06
0.026	-0.03853005	-1.09E-05
0.027	-0.03993634	-1.52E-05
0.028	-0.04133216	-2.07E-05
0.029	-0.04272798	-2.61E-05
0.03	-0.0441238	-3.16E-05
0.031	-0.04550513	-3.90E-05
0.032	-0.04688647	-4.64E-05
0.033	-0.0482678	-5.38E-05
0.034	-0.04964027	-6.26E-05
0.035	-0.05100829	-7.20E-05
0.036	-0.05237631	-8.15E-05
0.037	-0.05374029	-9.17E-05
0.038	-0.05509616	-0.000103354
0.039	-0.05645203	-0.000115015
0.04	-0.0578079	-0.000126676
0.041	-0.05915273	-0.000140612
0.042	-0.06049756	-0.000154549
0.043	-0.0618424	-0.000168485
0.044	-0.06318061	-0.000183972
0.045	-0.0645155	-0.000200233
0.046	-0.06585039	-0.000216493
0.047	-0.06718233	-0.000233534
0.048	-0.06850835	-0.000252134
0.049	-0.06983437	-0.000270735
0.05	-0.07116039	-0.000289335
0.051	-0.07247857	-0.000310256
0.052	-0.07379676	-0.000331178
0.053	-0.07511494	-0.000352099
0.054	-0.07642858	-0.000374534
0.055	-0.07773994	-0.000397726
0.056	-0.0790513	-0.000420918
0.057	-0.0803607	-0.00044484
0.058	-0.08166621	-0.000470221
0.059	-0.08297172	-0.000495602
0.06	-0.08427723	-0.000520983
0.061	-0.08557784	-0.000548441
0.062	-0.08687844	-0.0005759
0.063	-0.08817905	-0.000603358
0.064	-0.08947699	-0.000632108
0.065	-0.09077359	-0.000661504
0.066	-0.0920702	-0.000690899
0.067	-0.09336577	-0.000720885
0.068	-0.09465925	-0.00075205
0.069	-0.09595272	-0.000783214
0.07	-0.0972462	-0.000814379
0.071	-0.09853738	-0.00084712
0.072	-0.09982854	-0.00087986
0.073	-0.1011197	-0.000912601
0.074	-0.1024099	-0.000946247
0.075	-0.1036995	-0.000980346
0.076	-0.1049892	-0.001014445
0.077	-0.1062786	-0.001048916
0.078	-0.1075674	-0.001084133
0.079	-0.1088563	-0.001119349
0.08	-0.1101452	-0.001154566
0.081	-0.1114339	-0.001190639
0.082	-0.1127226	-0.001226712
0.083	-0.1140114	-0.001262786
0.084	-0.1153005	-0.001299244
0.085	-0.1165897	-0.001335894
0.086	-0.117879	-0.001372545
0.087	-0.1191686	-0.001409288
0.088	-0.1204589	-0.001446219
0.089	-0.1217492	-0.00148315
0.09	-0.1230395	-0.00152008
0.091	-0.1243314	-0.001556979
0.092	-0.1256233	-0.001593878
0.093	-0.1269151	-0.001630777
0.094	-0.1282083	-0.001667438
0.095	-0.1295022	-0.001703981
0.096	-0.130796	-0.001740523
0.097	-0.1320907	-0.001776835
0.098	-0.1333869	-0.001812685
0.099	-0.1346831	-0.001848535
0.1	-0.1359793	-0.001884385
0.101	-0.1372781	-0.001919197
0.102	-0.1385769	-0.001954009
0.103	-0.1398757	-0.001988821
0.104	-0.1411763	-0.002022707
0.105	-0.142478	-0.002056129
0.106	-0.1437796	-0.002089551
0.107	-0.1450822	-0.002122391
0.108	-0.1463867	-0.002154066
0.109	-0.1476912	-0.00218574
0.11	-0.1489958	-0.002217415
0.111	-0.1503033	-0.002246982
0.112	-0.1516108	-0.002276548
0.113	-0.1529183	-0.002306114
0.114	-0.1542277	-0.002334034
0.115	-0.1555381	-0.00236113
0.116	-0.1568485	-0.002388226
0.117	-0.1581598	-0.002414379
0.118	-0.1594729	-0.002438643
0.119	-0.1607861	-0.002462907
0.12	-0.1620992	-0.002487171
0.121	-0.1634149	-0.002508244
0.122	-0.1647305	-0.002529317
0.123	-0.1660462	-0.00255039
0.124	-0.1673633	-0.002569098
0.125	-0.1686812	-0.002586624
0.126	-0.169999	-0.00260415
0.127	-0.1713174	-0.002620377
0.128	-0.1726371	-0.002634007
0.129	-0.1739567	-0.002647636
0.13	-0.1752763	-0.002661266
0.131	-0.1765971	-0.002670657
0.132	-0.177918	-0.002680047
0.133	-0.1792388	-0.002689438
0.134	-0.1805601	-0.00269578
0.135	-0.1818816	-0.002700597
0.136	-0.1832031	-0.002705415
0.137	-0.1845246	-0.002708601
0.138	-0.185846	-0.002708522
0.139	-0.1871675	-0.002708444
0.14	-0.1884889	-0.002708365
0.141	-0.1898095	-0.002703078
0.142	-0.1911301	-0.002697791
0.143	-0.1924507	-0.002692504
0.144	-0.1937701	-0.002683546
0.145	-0.195089	-0.002672752
0.146	-0.1964078	-0.002661957
0.147	-0.1977258	-0.002649232
0.148	-0.199042	-0.002632645
0.149	-0.2003581	-0.002616058
0.15	-0.2016743	-0.002599471
0.151	-0.2029867	-0.002576822
0.152	-0.2042991	-0.002554172
0.153	-0.2056115	-0.002531523
0.154	-0.2069206	-0.002504662
0.155	-0.2082281	-0.002475696
0.156	-0.2095357	-0.00244673
0.157	-0.2108411	-0.00241558
0.158	-0.2121426	-0.002380061
0.159	-0.213444	-0.002344542
0.16	-0.2147454	-0.002309023
0.161	-0.2160394	-0.002266732
0.162	-0.2173334	-0.002224441
0.163	-0.2186275	-0.00218215
0.164	-0.2199156	-0.002135211
0.165	-0.2212009	-0.002085948
0.166	-0.2224862	-0.002036686
0.167	-0.2237681	-0.001985039
0.168	-0.2250432	-0.001928624
0.169	-0.2263183	-0.001872209
0.17	-0.2275934	-0.001815794
0.171	-0.2288569	-0.001752066
0.172	-0.2301203	-0.001688339
0.173	-0.2313838	-0.001624612
0.174	-0.2326384	-0.001555916
0.175	-0.2338887	-0.001484737
0.176	-0.2351389	-0.001413557
0.177	-0.2363843	-0.001339854
0.178	-0.2376198	-0.001261104
0.179	-0.2388552	-0.001182354
0.18	-0.2400907	-0.001103604
0.181	-0.2413098	-0.001017188
0.182	-0.2425288	-0.000930771
0.183	-0.2437479	-0.000844354
0.184	-0.2449549	-0.000752776
0.185	-0.2461559	-0.000658618
0.186	-0.2473569	-0.000564459
0.187	-0.2485512	-0.000467702
0.188	-0.2497324	-0.000365751
0.189	-0.2509136	-0.000263799
0.19	-0.2520948	-0.000161847
0.191	-0.2532545	-5.21E-05
0.192	-0.2544142	5.77E-05
0.193	-0.2555739	0.000167481
0.194	-0.2567181	0.000282477
0.195	-0.2578545	0.000400082
0.196	-0.258991	0.000517688
0.197	-0.2601191	0.000637899
0.198	-0.2612305	0.00076332
0.199	-0.262342	0.000888741
0.2	-0.2634534	0.001014161
0.201	-0.2645381	0.001147358
0.202	-0.2656228	0.001280554
0.203	-0.2667075	0.001413748
0.204	-0.2677732	0.001552087
0.205	-0.2688294	0.001692998
0.206	-0.2698856	0.001833908
0.207	-0.2709317	0.001977362
0.208	-0.2719577	0.002125902
0.209	-0.2729836	0.002274442
0.21	-0.2740096	0.00242298
0.211	-0.2750036	0.002579042
0.212	-0.2759976	0.002735105
0.213	-0.2769916	0.002891168
0.214	-0.2779632	0.00305216
0.215	-0.2789236	0.003215616
0.216	-0.2798839	0.003379073
0.217	-0.2808325	0.003544941
0.218	-0.2817576	0.00371564
0.219	-0.2826827	0.003886339
0.22	-0.2836078	0.004057038
0.221	-0.2844959	0.004234807
0.222	-0.2853841	0.004412577
0.223	-0.2862723	0.004590346
0.224	-0.2871348	0.0047727
0.225	-0.2879844	0.004957343
0.226	-0.2888341	0.005141989
0.227	-0.2896705	0.005328856
0.228	-0.2904802	0.005520165
0.229	-0.2912899	0.005711474
0.23	-0.2920996	0.005902783
0.231	-0.2928678	0.006100522
0.232	-0.2936361	0.006298258
0.233	-0.2944043	0.006495996
0.234	-0.295144	0.006697853
0.235	-0.2958695	0.00690177
0.236	-0.2965949	0.007105686
0.237	-0.2973057	0.007311571
0.238	-0.297987	0.007521395
0.239	-0.2986683	0.007731215
0.24	-0.2993496	0.007941039
0.241	-0.2999856	0.008156482
0.242	-0.3006215	0.008371926
0.243	-0.3012575	0.00858737
0.244	-0.3018625	0.008806358
0.245	-0.3024519	0.009027119
0.246	-0.3030414	0.009247879
0.247	-0.303615	0.009470303
0.248	-0.304157	0.009696062
0.249	-0.3046989	0.009921822
0.25	-0.3052409	0.01014758
0.251	-0.3057343	0.010378
0.252	-0.3062278	0.01060843
0.253	-0.3067212	0.01083886
0.254	-0.3071818	0.01107217
0.255	-0.3076259	0.01130692
0.256	-0.30807	0.01154167
0.257	-0.3084974	0.01177774
0.258	-0.3088914	0.01201645
0.259	-0.3092855	0.01225518
0.26	-0.3096795	0.01249389
0.261	-0.3100228	0.01273622
0.262	-0.3103661	0.01297853
0.263	-0.3107094	0.01322086
0.264	-0.3110185	0.01346533
0.265	-0.3113105	0.01371088
0.266	-0.3116026	0.01395643
0.267	-0.3118774	0.01420293
0.268	-0.3121177	0.01445134
0.269	-0.3123581	0.01469974
0.27	-0.3125984	0.01494815
0.271	-0.3127868	0.01519901
0.272	-0.3129752	0.01544989
0.273	-0.3131635	0.01570075
0.274	-0.3133171	0.015953
0.275	-0.3134533	0.01620595
0.276	-0.3135895	0.0164589
0.277	-0.3137083	0.01671241
0.278	-0.3137922	0.01696705
0.279	-0.3138762	0.01722169
0.28	-0.3139601	0.01747632
0.281	-0.3139918	0.01773225
0.282	-0.3140236	0.01798819
0.283	-0.3140553	0.01824412
0.284	-0.3140523	0.01850067
0.285	-0.314032	0.01875751
0.286	-0.3140116	0.01901436
0.287	-0.313974	0.01927137
0.288	-0.3139019	0.01952874
0.289	-0.3138298	0.01978611
0.29	-0.3137577	0.02004347
0.291	-0.3136341	0.02030099
0.292	-0.3135106	0.02055849
0.293	-0.313387	0.020816
0.294	-0.3132295	0.02107335
0.295	-0.313055	0.02133063
0.296	-0.3128806	0.02158791
0.297	-0.3126893	0.02184498
0.298	-0.3124645	0.02210166
0.299	-0.3122396	0.02235833
0.3	-0.3120148	0.02261501
0.301	-0.3117403	0.02287072
0.302	-0.3114658	0.02312643
0.303	-0.3111914	0.02338214
0.304	-0.3108843	0.02363698
0.305	-0.3105609	0.02389139
0.306	-0.3102376	0.02414579
0.307	-0.3098982	0.02439965
0.308	-0.3095269	0.02465241
0.309	-0.3091556	0.02490516
0.31	-0.3087842	0.02515792
0.311	-0.3083659	0.02540871
0.312	-0.3079475	0.0256595
0.313	-0.3075292	0.02591029
0.314	-0.3070802	0.02615956
0.315	-0.3066159	0.02640807
0.316	-0.3061516	0.02665658
0.317	-0.3056723	0.02690423
0.318	-0.3051632	0.02715016
0.319	-0.304654	0.0273961
0.32	-0.3041449	0.02764203
0.321	-0.3035921	0.02788511
0.322	-0.3030393	0.02812819
0.323	-0.3024865	0.02837128
0.324	-0.3019055	0.02861228
0.325	-0.3013104	0.02885224
0.326	-0.3007152	0.02909221
0.327	-0.3001064	0.02933106
0.328	-0.2994702	0.02956767
0.329	-0.2988341	0.02980428
0.33	-0.2981979	0.03004089
0.331	-0.297522	0.03027391
0.332	-0.2968462	0.03050693
0.333	-0.2961704	0.03073996
0.334	-0.2954691	0.03097045
0.335	-0.294755	0.03119969
0.336	-0.2940409	0.03142892
0.337	-0.2933146	0.03165683
0.338	-0.2925637	0.03188208
0.339	-0.2918129	0.03210733
0.34	-0.2910621	0.03233259
0.341	-0.290276	0.03255369
0.342	-0.2894899	0.0327748
0.343	-0.2887038	0.03299591
0.344	-0.2878952	0.03321416
0.345	-0.2870753	0.03343097
0.346	-0.2862555	0.03364777
0.347	-0.2854249	0.03386312
0.348	-0.2845728	0.0340755
0.349	-0.2837208	0.03428789
0.35	-0.2828687	0.03450028
0.351	-0.281986	0.03470814
0.352	-0.2811034	0.03491599
0.353	-0.2802207	0.03512385
0.354	-0.2793186	0.03532863
0.355	-0.2784068	0.03553186
0.356	-0.2774951	0.0357351
0.357	-0.2765741	0.03593676
0.358	-0.2756349	0.03613531
0.359	-0.2746956	0.03633385
0.36	-0.2737563	0.0365324
0.361	-0.2727911	0.0367262
0.362	-0.2718259	0.03692
0.363	-0.2708607	0.0371138
0.364	-0.2698792	0.03730442
0.365	-0.2688896	0.03749344
0.366	-0.2679	0.03768247
0.367	-0.2669027	0.0378699
0.368	-0.2658902	0.03805414
0.369	-0.2648778	0.03823837
0.37	-0.2638653	0.03842261
0.371	-0.2628315	0.03860206
0.372	-0.2617977	0.03878152
0.373	-0.2607639	0.03896097
0.374	-0.2597168	0.03913725
0.375	-0.2586632	0.03931193
0.376	-0.2576095	0.03948662
0.377	-0.2565497	0.03965973
0.378	-0.2554776	0.03982969
0.379	-0.2544056	0.03999965
0.38	-0.2533335	0.0401696
0.381	-0.2522445	0.04033489
0.382	-0.2511555	0.04050016
0.383	-0.2500665	0.04066544
0.384	-0.2489671	0.04082765
0.385	-0.2478625	0.04098832
0.386	-0.2467579	0.04114899
0.387	-0.2456486	0.04130814
0.388	-0.2445297	0.04146428
0.389	-0.2434109	0.04162042
0.39	-0.2422921	0.04177655
0.391	-0.2411604	0.04192825
0.392	-0.2400287	0.04207994
0.393	-0.2388969	0.04223164
0.394	-0.2377574	0.04238045
0.395	-0.236614	0.04252781
0.396	-0.2354706	0.04267517
0.397	-0.2343237	0.04282112
0.398	-0.2331699	0.04296426
0.399	-0.2320161	0.0431074
0.4	-0.2308622	0.04325054
0.401	-0.2296991	0.04338958
0.402	-0.228536	0.04352863
0.403	-0.2273728	0.04366767
0.404	-0.2262042	0.04380407
0.405	-0.2250329	0.04393915
0.406	-0.2238616	0.04407423
0.407	-0.2226879	0.04420804
0.408	-0.2215095	0.0443393
0.409	-0.2203311	0.04447056
0.41	-0.2191526	0.04460181
0.411	-0.217968	0.0447294
0.412	-0.2167835	0.04485699
0.413	-0.2155989	0.04498457
0.414	-0.2144109	0.04510981
0.415	-0.2132211	0.04523388
0.416	-0.2120314	0.04535795
0.417	-0.2108402	0.0454809
0.418	-0.2096461	0.04560161
0.419	-0.2084521	0.04572232
0.42	-0.2072581	0.04584302
0.421	-0.2060605	0.04596054
0.422	-0.204863	0.04607805
0.423	-0.2036655	0.04619557
0.424	-0.2024662	0.04631106
0.425	-0.201266	0.04642555
0.426	-0.2000658	0.04654003
0.427	-0.198865	0.04665356
0.428	-0.1976628	0.04676519
0.429	-0.1964607	0.04687682
0.43	-0.1952585	0.04698844
0.431	-0.1940551	0.04709738
0.432	-0.1928516	0.04720632
0.433	-0.1916482	0.04731526
0.434	-0.1904443	0.04742252
0.435	-0.1892402	0.04752894
0.436	-0.1880361	0.04763536
0.437	-0.1868319	0.047741
0.438	-0.1856277	0.04784508
0.439	-0.1844235	0.04794915
0.44	-0.1832193	0.04805323
0.441	-0.1820154	0.04815513
0.442	-0.1808116	0.04825703
0.443	-0.1796078	0.04835894
0.444	-0.1784046	0.0484595
0.445	-0.1772016	0.0485594
0.446	-0.1759987	0.0486593
0.447	-0.1747962	0.04875858
0.448	-0.1735945	0.04885664
0.449	-0.1723928	0.0489547
0.45	-0.1711912	0.04905276
0.451	-0.1699912	0.04914915
0.452	-0.1687912	0.04924554
0.453	-0.1675911	0.04934193
0.454	-0.1663925	0.04943731
0.455	-0.1651944	0.04953219
0.456	-0.1639964	0.04962706
0.457	-0.1627991	0.04972149
0.458	-0.1616034	0.04981502
0.459	-0.1604076	0.04990854
0.46	-0.1592118	0.05000207
0.461	-0.1580186	0.05009439
0.462	-0.1568253	0.05018672
0.463	-0.1556321	0.05027904
0.464	-0.1544406	0.05037067
0.465	-0.15325	0.05046195
0.466	-0.1520595	0.05055322
0.467	-0.1508699	0.0506442
0.468	-0.1496822	0.05073457
0.469	-0.1484945	0.05082494
0.47	-0.1473069	0.05091531
0.471	-0.1461222	0.05100492
0.472	-0.1449375	0.05109453
0.473	-0.1437528	0.05118413
0.474	-0.1425702	0.05127332
0.475	-0.1413886	0.05136229
0.476	-0.1402071	0.05145127
0.477	-0.1390266	0.05154007
0.478	-0.1378482	0.05162854
0.479	-0.1366697	0.05171701
0.48	-0.1354914	0.05180548
0.481	-0.1343161	0.05189357
0.482	-0.133141	0.05198166
0.483	-0.1319658	0.05206975
0.484	-0.1307927	0.05215766
0.485	-0.1296207	0.05224548
0.486	-0.1284488	0.0523333
0.487	-0.1272779	0.05242107
0.488	-0.1261091	0.05250873
0.489	-0.1249404	0.05259639
0.49	-0.1237716	0.05268406
0.491	-0.122606	0.05277167
0.492	-0.1214404	0.05285928
0.493	-0.1202749	0.05294689
0.494	-0.1191114	0.05303452
0.495	-0.1179489	0.05312217
0.496	-0.1167864	0.05320982
0.497	-0.115625	0.05329752
0.498	-0.1144655	0.0533853
0.499	-0.1133061	0.05347309
0.5	-0.1121467	0.05356087
0.501	-0.1109902	0.05364886
0.502	-0.1098338	0.05373686
0.503	-0.1086773	0.05382486
0.504	-0.1075227	0.05391305
0.505	-0.1063691	0.05400134
0.506	-0.1052155	0.05408963
0.507	-0.1040627	0.05417804
0.508	-0.1029118	0.05426669
0.509	-0.1017609	0.05435534
0.51	-0.10061	0.05444399
0.511	-0.09946174	0.05453306
0.512	-0.09831337	0.05462214
0.513	-0.09716507	0.05471121
0.514	-0.0960184	0.05480061
0.515	-0.09487254	0.05489016
0.516	-0.09372669	0.05497972
0.517	-0.09258153	0.05506946
0.518	-0.09143796	0.05515954
0.519	-0.0902944	0.05524963
0.52	-0.08915083	0.05533972
0.521	-0.08800933	0.05543039
0.522	-0.0868679	0.05552105
0.523	-0.08572646	0.05561172
0.524	-0.08458634	0.05570279
0.525	-0.08344687	0.05579407
0.526	-0.08230733	0.05588535
0.527	-0.08116846	0.05597685
0.528	-0.08003078	0.05606877
0.529	-0.0788931	0.05616069
0.53	-0.07775542	0.05625262
0.531	-0.07661929	0.05634522
0.532	-0.07548323	0.05643782
0.533	-0.07434716	0.05653041
0.534	-0.07321206	0.05662347
0.535	-0.07207736	0.05671677
0.536	-0.07094273	0.05681006
0.537	-0.06980853	0.05690358
0.538	-0.06867515	0.05699758
0.539	-0.06754178	0.05709157
0.54	-0.06640834	0.05718558
0.541	-0.06527605	0.05728029
0.542	-0.06414375	0.057375
0.543	-0.06301145	0.05746971
0.544	-0.06187968	0.05756491
0.545	-0.06074828	0.05766034
0.546	-0.05961688	0.05775577
0.547	-0.05848571	0.05785145
0.548	-0.05735503	0.0579476
0.549	-0.05622427	0.05804375
0.55	-0.05509358	0.0581399
0.551	-0.05396343	0.05823676
0.552	-0.05283328	0.05833362
0.553	-0.05170313	0.05843049
0.554	-0.05057315	0.05852782
0.555	-0.04944336	0.05862538
0.556	-0.04831357	0.05872294
0.557	-0.04718385	0.05882073
0.558	-0.04605418	0.05891898
0.559	-0.04492458	0.05901723
0.56	-0.04379498	0.05911547
0.561	-0.04266541	0.05921438
0.562	-0.04153584	0.05931329
0.563	-0.04040619	0.0594122
0.564	-0.03927653	0.05951154
0.565	-0.03814681	0.05961108
0.566	-0.0370171	0.05971063
0.567	-0.03588729	0.05981038
0.568	-0.03475721	0.05991054
0.569	-0.0336272	0.06001069
0.57	-0.03249719	0.06011085
0.571	-0.03136674	0.06021158
0.572	-0.03023621	0.06031231
0.573	-0.02910575	0.06041304
0.574	-0.0279749	0.06051413
0.575	-0.02684385	0.06061539
0.576	-0.0257128	0.06071666
0.577	-0.02458144	0.0608181
0.578	-0.02344966	0.06091986
0.579	-0.02231788	0.06102162
0.58	-0.0211861	0.06112339
0.581	-0.02005346	0.0612256
0.582	-0.01892075	0.06132782
0.583	-0.01778811	0.06143004
0.584	-0.0166548	0.06153252
0.585	-0.01552117	0.06163514
0.586	-0.01438748	0.06173776
0.587	-0.01325348	0.06184049
0.588	-0.01211875	0.06194346
0.589	-0.01098401	0.06204643
0.59	-0.009849281	0.0621494
0.591	-0.008713269	0.06225267
0.592	-0.007577325	0.06235593
0.593	-0.006441381	0.0624592
0.594	-0.005304562	0.06256262
0.595	-0.004167239	0.06266613
0.596	-0.003029983	0.06276963
0.597	-0.001892259	0.06287319
0.598	-0.000753601	0.06297687
0.599	0.000385058	0.06308055
0.6	0.001523785	0.06318423
0.601	0.00266393	0.06328802
0.602	0.003804075	0.06339181
0.603	0.00494422	0.0634956
0.604	0.006085404	0.06359942
0.605	0.007227177	0.06370327
0.606	0.008368882	0.0638071
0.607	0.009511128	0.06391093
0.608	0.01065446	0.06401474
0.609	0.01179786	0.06411856
0.61	0.01294119	0.06422237
0.611	0.0140862	0.06432608
0.612	0.01523121	0.0644298
0.613	0.01637622	0.06453351
0.614	0.01752245	0.06463712
0.615	0.01866918	0.06474066
0.616	0.01981592	0.06484421
0.617	0.02096324	0.06494767
0.618	0.02211174	0.06505096
0.619	0.02326031	0.06515426
0.62	0.02440881	0.06525755
0.621	0.0255591	0.06536052
0.622	0.02670939	0.06546348
0.623	0.02785975	0.06556645
0.624	0.02901125	0.06566914
0.625	0.03016335	0.0657717
0.626	0.03131545	0.06587425
0.627	0.03246815	0.06597664
0.628	0.03362214	0.0660787
0.629	0.03477605	0.06618076
0.63	0.03592997	0.06628282
0.631	0.0370857	0.0663843
0.632	0.0382415	0.06648578
0.633	0.03939723	0.06658726
0.634	0.04055416	0.06668828
0.635	0.04171169	0.06678909
0.636	0.04286922	0.0668899
0.637	0.04402741	0.06699045
0.638	0.04518672	0.0670905
0.639	0.04634603	0.06719054
0.64	0.04750534	0.06729059
0.641	0.0486664	0.06738978
0.642	0.04982753	0.06748897
0.643	0.05098859	0.06758816
0.644	0.05215078	0.06768672
0.645	0.05331355	0.06778496
0.646	0.05447638	0.06788321
0.647	0.0556397	0.0679811
0.648	0.05680412	0.0680783
0.649	0.05796854	0.06817549
0.65	0.05913295	0.06827269
0.651	0.06029903	0.06836874
0.652	0.06146504	0.0684648
0.653	0.06263105	0.06856085
0.654	0.06379808	0.06865607
0.655	0.06496561	0.06875087
0.656	0.06613321	0.06884569
0.657	0.06730121	0.06894004
0.658	0.06847018	0.0690335
0.659	0.06963915	0.06912696
0.66	0.07080818	0.06922043
0.661	0.07197849	0.06931244
0.662	0.07314881	0.06940445
0.663	0.07431912	0.06949646
0.664	0.07549026	0.06958743
0.665	0.07666188	0.06967789
0.666	0.07783343	0.06976834
0.667	0.07900536	0.06985824
0.668	0.08017804	0.06994703
0.669	0.0813508	0.07003582
0.67	0.08252348	0.07012461
0.671	0.08369717	0.07021163
0.672	0.08487086	0.07029865
0.673	0.08604455	0.07038567
0.674	0.08721889	0.07047143
0.675	0.08839346	0.07055657
0.676	0.08956802	0.0706417
0.677	0.09074283	0.07072617
0.678	0.09191812	0.07080931
0.679	0.09309349	0.07089245
0.68	0.09426879	0.07097559
0.681	0.09544466	0.07105662
0.682	0.09662054	0.07113765
0.683	0.09779648	0.07121869
0.684	0.09897264	0.07129824
0.685	0.1001489	0.07137705
0.686	0.1013252	0.07145585
0.687	0.1025016	0.07153388
0.688	0.1036782	0.07161035
0.689	0.1048547	0.07168682
0.69	0.1060313	0.07176329
0.691	0.1072079	0.0718373
0.692	0.1083845	0.07191131
0.693	0.1095612	0.07198533
0.694	0.1107377	0.07205762
0.695	0.1119141	0.07212905
0.696	0.1130906	0.07220049
0.697	0.1142671	0.07227103
0.698	0.1154432	0.07233976
0.699	0.1166193	0.0724085
0.7	0.1177955	0.07247724
0.701	0.1189711	0.07254316
0.702	0.1201468	0.07260908
0.703	0.1213224	0.072675
0.704	0.1224975	0.07273896
0.705	0.1236723	0.07280194
0.706	0.1248472	0.07286492
0.707	0.1260218	0.07292688
0.708	0.1271956	0.0729868
0.709	0.1283695	0.07304671
0.71	0.1295434	0.07310663
0.711	0.1307161	0.07316336
0.712	0.1318887	0.07322009
0.713	0.1330614	0.07327681
0.714	0.134233	0.07333133
0.715	0.1354042	0.07338475
0.716	0.1365754	0.07343816
0.717	0.137746	0.07349043
0.718	0.1389155	0.0735404
0.719	0.140085	0.07359037
0.72	0.1412545	0.07364035
0.721	0.1424219	0.07368675
0.722	0.1435894	0.07373316
0.723	0.1447569	0.07377956
0.724	0.1459228	0.0738235
0.725	0.1470881	0.07386621
0.726	0.1482533	0.07390892
0.727	0.1494177	0.07395035
0.728	0.1505804	0.07398924
0.729	0.1517431	0.07402812
0.73	0.1529058	0.07406701
0.731	0.1540657	0.07410194
0.732	0.1552256	0.07413687
0.733	0.1563854	0.0741718
0.734	0.1575433	0.07420401
0.735	0.1587001	0.07423485
0.736	0.1598568	0.0742657
0.737	0.1610125	0.07429514
0.738	0.1621658	0.07432177
0.739	0.1633193	0.0743484
0.74	0.1644726	0.07437503
0.741	0.1656223	0.07439731
0.742	0.1667719	0.07441959
0.743	0.1679216	0.07444188
0.744	0.1690686	0.07446118
0.745	0.1702142	0.07447898
0.746	0.1713599	0.07449679
0.747	0.1725041	0.07451305
0.748	0.1736454	0.07452625
0.749	0.1747868	0.07453944
0.75	0.1759281	0.07455264
0.751	0.1770647	0.07456109
0.752	0.1782014	0.07456954
0.753	0.1793381	0.07457799
0.754	0.1804715	0.07458318
0.755	0.1816032	0.07458676
0.756	0.1827349	0.07459033
0.757	0.1838649	0.07459223
0.758	0.1849913	0.07459079
0.759	0.1861177	0.07458935
0.76	0.1872441	0.07458791
0.761	0.1883649	0.07458132
0.762	0.1894858	0.07457473
0.763	0.1906066	0.07456814
0.764	0.1917234	0.07455803
0.765	0.1928383	0.07454615
0.766	0.1939532	0.07453428
0.767	0.1950661	0.0745206
0.768	0.1961747	0.0745033
0.769	0.1972833	0.07448601
0.77	0.198392	0.07446871
0.771	0.1994941	0.07444585
0.772	0.2005962	0.074423
0.773	0.2016982	0.07440014
0.774	0.2027957	0.07437348
0.775	0.2038909	0.07434492
0.776	0.2049862	0.07431636
0.777	0.206079	0.07428585
0.778	0.2071671	0.07425145
0.779	0.2082551	0.07421704
0.78	0.2093431	0.07418264
0.781	0.2104238	0.07414224
0.782	0.2115044	0.07410184
0.783	0.212585	0.07406145
0.784	0.2136604	0.07401696
0.785	0.2147333	0.07397042
0.786	0.2158062	0.07392388
0.787	0.2168764	0.07387525
0.788	0.2179413	0.07382242
0.789	0.2190062	0.07376959
0.79	0.2200712	0.07371676
0.791	0.2211279	0.07365748
0.792	0.2221846	0.0735982
0.793	0.2232413	0.07353892
0.794	0.2242925	0.07347522
0.795	0.2253408	0.07340933
0.796	0.2263891	0.07334344
0.797	0.2274346	0.07327528
0.798	0.2284743	0.07320261
0.799	0.2295142	0.07312993
0.8	0.230554	0.07305725
0.801	0.2315851	0.07297762
0.802	0.2326162	0.07289798
0.803	0.2336473	0.07281835
0.804	0.2346727	0.07273395
0.805	0.2356951	0.07264717
0.806	0.2367176	0.07256039
0.807	0.2377371	0.07247116
0.808	0.2387509	0.07237703
0.809	0.2397646	0.07228291
0.81	0.2407784	0.07218879
0.811	0.2417835	0.07208712
0.812	0.2427886	0.07198546
0.813	0.2437938	0.07188378
0.814	0.2447933	0.07177693
0.815	0.2457901	0.07166749
0.816	0.2467868	0.07155805
0.817	0.2477808	0.07144594
0.818	0.2487695	0.07132849
0.819	0.2497581	0.07121104
0.82	0.2507467	0.0710936
0.821	0.2517276	0.07096789
0.822	0.2527086	0.07084217
0.823	0.2536895	0.07071646
0.824	0.2546657	0.07058506
0.825	0.2556395	0.07045082
0.826	0.2566133	0.07031657
0.827	0.257585	0.07017938
0.828	0.2585525	0.0700363
0.829	0.2595199	0.06989322
0.83	0.2604873	0.06975015
0.831	0.2614494	0.06959792
0.832	0.2624115	0.06944568
0.833	0.2633735	0.06929345
0.834	0.2643328	0.06913489
0.835	0.2652906	0.06897316
0.836	0.2662486	0.06881142
0.837	0.2672055	0.0686464
0.838	0.2681606	0.0684748
0.839	0.2691158	0.06830319
0.84	0.2700709	0.06813159
0.841	0.2710251	0.06794969
0.842	0.2719793	0.06776781
0.843	0.2729335	0.06758592
0.844	0.2738886	0.06739689
0.845	0.274844	0.06720427
0.846	0.2757994	0.06701166
0.847	0.2767561	0.06681532
0.848	0.2777153	0.06661151
0.849	0.2786745	0.0664077
0.85	0.2796337	0.06620388
0.851	0.2805997	0.06598837
0.852	0.2815657	0.06577286
0.853	0.2825317	0.06555734
0.854	0.2835046	0.06533366
0.855	0.284481	0.06510587
0.856	0.2854573	0.0648781
0.857	0.2864384	0.06464605
0.858	0.2874292	0.06440544
0.859	0.2884201	0.06416481
0.86	0.2894109	0.0639242
0.861	0.290421	0.06367013
0.862	0.291431	0.06341605
0.863	0.2924411	0.06316198
0.864	0.2934677	0.06289848
0.865	0.2945026	0.06263029
0.866	0.2955374	0.0623621
0.867	0.2965826	0.06208898
0.868	0.2976485	0.06180598
0.869	0.2987145	0.06152297
0.87	0.2997804	0.06123998
0.871	0.3008846	0.06094147
0.872	0.3019887	0.06064297
0.873	0.303093	0.06034444
0.874	0.3042281	0.0600351
0.875	0.3053787	0.05972035
0.876	0.3065292	0.0594056
0.877	0.3076983	0.05908518
0.878	0.3089045	0.05875342
0.879	0.3101107	0.05842168
0.88	0.3113168	0.05808993
0.881	0.3125888	0.05774046
0.882	0.3138608	0.05739096
0.883	0.3151328	0.05704149
0.884	0.3164563	0.0566797
0.885	0.3178056	0.05631176
0.886	0.3191548	0.05594381
0.887	0.3205342	0.05556946
0.888	0.3219734	0.05518235
0.889	0.3234126	0.05479523
0.89	0.3248518	0.05440812
0.891	0.326395	0.05400117
0.892	0.3279382	0.0535942
0.893	0.3294814	0.05318726
0.894	0.331104	0.0527667
0.895	0.3327663	0.05233933
0.896	0.3344288	0.05191193
0.897	0.3361364	0.05147758
0.898	0.3379346	0.05102928
0.899	0.3397328	0.05058097
0.9	0.341531	0.05013267
0.901	0.3434831	0.04966302
0.902	0.3454351	0.0491934
0.903	0.3473871	0.04872377
0.904	0.3494545	0.04823977
0.905	0.3515795	0.04774858
0.906	0.3537047	0.04725736
0.907	0.3558943	0.04675896
0.908	0.3582129	0.04624614
0.909	0.3605315	0.04573331
0.91	0.3628503	0.04522045
0.911	0.3653842	0.04468613
0.912	0.367918	0.04415181
0.913	0.3704519	0.04361748
0.914	0.3731443	0.04306908
0.915	0.3759162	0.04251361
0.916	0.3786879	0.04195817
0.917	0.3815468	0.04139591
0.918	0.3845799	0.04082002
0.919	0.3876131	0.04024409
0.92	0.3906462	0.03966819
0.921	0.3939646	0.03907282
0.922	0.397283	0.03847744
0.923	0.4006015	0.03788207
0.924	0.4041265	0.03727455
0.925	0.4077546	0.03666102
0.926	0.4113827	0.03604749
0.927	0.415122	0.03542847
0.928	0.4190839	0.03479849
0.929	0.423046	0.03416848
0.93	0.4270079	0.03353849
0.931	0.4313273	0.03289418
0.932	0.4356467	0.03224987
0.933	0.4399664	0.03160552
0.934	0.4445392	0.03095336
0.935	0.4492388	0.03029727
0.936	0.4539383	0.02964118
0.937	0.4587716	0.02898216
0.938	0.4638728	0.02831727
0.939	0.4689736	0.02765241
0.94	0.4740744	0.02698756
0.941	0.4795953	0.02631741
0.942	0.4851163	0.02564726
0.943	0.4906376	0.02497707
0.944	0.4964494	0.02430602
0.945	0.5024067	0.02363452
0.946	0.5083639	0.02296302
0.947	0.5144711	0.0222925
0.948	0.5208771	0.02162404
0.949	0.5272832	0.02095559
0.95	0.5336892	0.02028714
0.951	0.5405522	0.01962655
0.952	0.5474157	0.01896593
0.953	0.5542787	0.01830535
0.954	0.5614486	0.0176535
0.955	0.5687718	0.017006
0.956	0.5760951	0.01635851
0.957	0.5835713	0.01571719
0.958	0.5913521	0.01508833
0.959	0.5991329	0.01445947
0.96	0.6069137	0.01383061
0.961	0.6151434	0.01322614
0.962	0.6233725	0.01262171
0.963	0.6316017	0.01201727
0.964	0.6401189	0.01143309
0.965	0.64878	0.01085904
0.966	0.6574417	0.01028495
0.967	0.6662388	0.009723009
0.968	0.6753077	0.009185305
0.969	0.6843767	0.0086476
0.97	0.6934462	0.008109865
0.971	0.7028905	0.00761437
0.972	0.7123348	0.007118875
0.973	0.7217791	0.00662338
0.974	0.7314464	0.006159736
0.975	0.7412258	0.005711991
0.976	0.7510047	0.005264273
0.977	0.7608785	0.004834176
0.978	0.7709424	0.004439319
0.979	0.7810064	0.004044462
0.98	0.7910709	0.003649582
0.981	0.8013623	0.003311967
0.982	0.8116537	0.002974351
0.983	0.8219451	0.002636735
0.984	0.8323453	0.002339552
0.985	0.8427989	0.002062614
0.986	0.8532525	0.001785675
0.987	0.8637362	0.001529705
0.988	0.8742801	0.001315674
0.989	0.8848246	0.001101631
0.99	0.8953686	0.000887601
0.991	0.9059257	0.000737228
0.992	0.9164828	0.000586855
0.993	0.9270399	0.000436482
0.994	0.9375529	0.000327862
0.995	0.9480429	0.000240129
0.996	0.9585329	0.000152397
0.997	0.9689736	8.45E-05
0.998	0.9793161	5.63E-05
0.999	0.9896581	2.82E-05
1	1	0